Number of reads:	99

Read_length	Number_of_reads	Percent
        151	             99	100.00%

Dup_times	Number_of_reads	Percent
        1	             99	100.00%

Pos_B	Number_of_bases	Freq_A	Freq_T	Freq_C	Freq_G	Freq_N
    1	             99	21.21%	16.16%	47.47%	15.15%	0.00%
    2	             99	24.24%	31.31%	15.15%	29.29%	0.00%
    3	             99	37.37%	17.17%	28.28%	17.17%	0.00%
    4	             99	33.33%	20.20%	16.16%	30.30%	0.00%
    5	             99	35.35%	22.22%	21.21%	21.21%	0.00%
    6	             99	37.37%	21.21%	20.20%	21.21%	0.00%
    7	             99	16.16%	38.38%	21.21%	24.24%	0.00%
    8	             99	28.28%	18.18%	36.36%	17.17%	0.00%
    9	             99	28.28%	33.33%	19.19%	19.19%	0.00%
   10	             99	33.33%	26.26%	21.21%	19.19%	0.00%
   11	             99	22.22%	20.20%	26.26%	31.31%	0.00%
   12	             99	26.26%	21.21%	27.27%	25.25%	0.00%
   13	             99	33.33%	20.20%	27.27%	19.19%	0.00%
   14	             99	28.28%	28.28%	20.20%	23.23%	0.00%
   15	             99	33.33%	22.22%	26.26%	18.18%	0.00%
   16	             99	22.22%	24.24%	30.30%	23.23%	0.00%
   17	             99	33.33%	22.22%	21.21%	23.23%	0.00%
   18	             99	30.30%	25.25%	30.30%	14.14%	0.00%
   19	             99	26.26%	23.23%	27.27%	23.23%	0.00%
   20	             99	26.26%	22.22%	25.25%	26.26%	0.00%
   21	             99	28.28%	27.27%	27.27%	17.17%	0.00%
   22	             99	33.33%	20.20%	30.30%	16.16%	0.00%
   23	             99	31.31%	22.22%	20.20%	26.26%	0.00%
   24	             99	30.30%	18.18%	28.28%	23.23%	0.00%
   25	             99	26.26%	19.19%	31.31%	23.23%	0.00%
   26	             99	27.27%	27.27%	22.22%	23.23%	0.00%
   27	             99	25.25%	32.32%	21.21%	21.21%	0.00%
   28	             99	30.30%	23.23%	22.22%	24.24%	0.00%
   29	             99	29.29%	26.26%	20.20%	24.24%	0.00%
   30	             99	36.36%	19.19%	24.24%	20.20%	0.00%
   31	             99	25.25%	20.20%	27.27%	27.27%	0.00%
   32	             99	35.35%	19.19%	21.21%	24.24%	0.00%
   33	             99	34.34%	18.18%	25.25%	22.22%	0.00%
   34	             99	33.33%	21.21%	22.22%	23.23%	0.00%
   35	             99	25.25%	31.31%	25.25%	18.18%	0.00%
   36	             99	28.28%	15.15%	33.33%	23.23%	0.00%
   37	             99	24.24%	23.23%	25.25%	27.27%	0.00%
   38	             99	33.33%	21.21%	23.23%	22.22%	0.00%
   39	             99	26.26%	24.24%	22.22%	27.27%	0.00%
   40	             99	36.36%	13.13%	25.25%	25.25%	0.00%
   41	             99	36.36%	22.22%	17.17%	24.24%	0.00%
   42	             99	34.34%	24.24%	20.20%	21.21%	0.00%
   43	             99	29.29%	28.28%	22.22%	20.20%	0.00%
   44	             99	24.24%	25.25%	17.17%	33.33%	0.00%
   45	             99	24.24%	29.29%	23.23%	23.23%	0.00%
   46	             99	20.20%	25.25%	24.24%	30.30%	0.00%
   47	             99	30.30%	30.30%	23.23%	16.16%	0.00%
   48	             99	29.29%	17.17%	25.25%	28.28%	0.00%
   49	             99	31.31%	22.22%	23.23%	23.23%	0.00%
   50	             99	24.24%	22.22%	26.26%	27.27%	0.00%
   51	             99	36.36%	18.18%	25.25%	20.20%	0.00%
   52	             99	28.28%	24.24%	23.23%	24.24%	0.00%
   53	             99	24.24%	30.30%	22.22%	23.23%	0.00%
   54	             99	25.25%	23.23%	22.22%	29.29%	0.00%
   55	             99	22.22%	30.30%	23.23%	24.24%	0.00%
   56	             99	30.30%	19.19%	25.25%	25.25%	0.00%
   57	             99	29.29%	26.26%	21.21%	23.23%	0.00%
   58	             99	22.22%	26.26%	26.26%	25.25%	0.00%
   59	             99	28.28%	28.28%	23.23%	20.20%	0.00%
   60	             99	30.30%	24.24%	17.17%	28.28%	0.00%
   61	             99	28.28%	28.28%	20.20%	23.23%	0.00%
   62	             99	31.31%	20.20%	22.22%	26.26%	0.00%
   63	             99	33.33%	18.18%	20.20%	28.28%	0.00%
   64	             99	27.27%	26.26%	15.15%	31.31%	0.00%
   65	             99	25.25%	21.21%	28.28%	25.25%	0.00%
   66	             99	35.35%	23.23%	22.22%	19.19%	0.00%
   67	             99	35.35%	18.18%	18.18%	28.28%	0.00%
   68	             99	20.20%	21.21%	25.25%	33.33%	0.00%
   69	             99	32.32%	19.19%	26.26%	22.22%	0.00%
   70	             99	29.29%	26.26%	20.20%	24.24%	0.00%
   71	             99	21.21%	25.25%	26.26%	27.27%	0.00%
   72	             99	28.28%	20.20%	25.25%	26.26%	0.00%
   73	             99	30.30%	15.15%	31.31%	23.23%	0.00%
   74	             99	29.29%	20.20%	25.25%	25.25%	0.00%
   75	             99	26.26%	21.21%	18.18%	34.34%	0.00%
   76	             99	26.26%	32.32%	21.21%	20.20%	0.00%
   77	             99	28.28%	22.22%	25.25%	24.24%	0.00%
   78	             99	25.25%	35.35%	14.14%	25.25%	0.00%
   79	             99	24.24%	18.18%	31.31%	26.26%	0.00%
   80	             99	28.28%	13.13%	30.30%	28.28%	0.00%
   81	             99	32.32%	22.22%	23.23%	22.22%	0.00%
   82	             99	29.29%	27.27%	21.21%	22.22%	0.00%
   83	             99	23.23%	25.25%	19.19%	32.32%	0.00%
   84	             99	29.29%	32.32%	20.20%	18.18%	0.00%
   85	             99	21.21%	28.28%	31.31%	19.19%	0.00%
   86	             99	35.35%	14.14%	22.22%	28.28%	0.00%
   87	             99	23.23%	25.25%	31.31%	20.20%	0.00%
   88	             99	26.26%	24.24%	30.30%	19.19%	0.00%
   89	             99	36.36%	22.22%	16.16%	25.25%	0.00%
   90	             99	28.28%	25.25%	22.22%	24.24%	0.00%
   91	             99	24.24%	20.20%	33.33%	22.22%	0.00%
   92	             99	26.26%	23.23%	19.19%	31.31%	0.00%
   93	             99	38.38%	14.14%	24.24%	23.23%	0.00%
   94	             99	30.30%	21.21%	21.21%	27.27%	0.00%
   95	             99	24.24%	19.19%	24.24%	32.32%	0.00%
   96	             99	23.23%	22.22%	24.24%	30.30%	0.00%
   97	             99	23.23%	28.28%	25.25%	23.23%	0.00%
   98	             99	35.35%	30.30%	16.16%	18.18%	0.00%
   99	             99	26.26%	28.28%	16.16%	29.29%	0.00%
  100	             99	30.30%	26.26%	18.18%	25.25%	0.00%
  101	             99	30.30%	22.22%	18.18%	29.29%	0.00%
  102	             99	36.36%	19.19%	25.25%	19.19%	0.00%
  103	             99	33.33%	19.19%	20.20%	27.27%	0.00%
  104	             99	33.33%	23.23%	27.27%	16.16%	0.00%
  105	             99	34.34%	16.16%	25.25%	24.24%	0.00%
  106	             99	20.20%	19.19%	30.30%	30.30%	0.00%
  107	             99	25.25%	24.24%	25.25%	25.25%	0.00%
  108	             99	25.25%	23.23%	24.24%	27.27%	0.00%
  109	             99	21.21%	33.33%	19.19%	26.26%	0.00%
  110	             99	23.23%	21.21%	29.29%	26.26%	0.00%
  111	             99	25.25%	23.23%	20.20%	31.31%	0.00%
  112	             99	23.23%	31.31%	23.23%	22.22%	0.00%
  113	             99	27.27%	16.16%	27.27%	29.29%	0.00%
  114	             99	28.28%	19.19%	20.20%	32.32%	0.00%
  115	             99	34.34%	27.27%	17.17%	21.21%	0.00%
  116	             99	31.31%	23.23%	18.18%	27.27%	0.00%
  117	             99	24.24%	21.21%	31.31%	23.23%	0.00%
  118	             99	32.32%	21.21%	22.22%	24.24%	0.00%
  119	             99	28.28%	16.16%	34.34%	21.21%	0.00%
  120	             99	24.24%	29.29%	14.14%	32.32%	0.00%
  121	             99	29.29%	21.21%	19.19%	30.30%	0.00%
  122	             99	27.27%	22.22%	22.22%	28.28%	0.00%
  123	             99	32.32%	29.29%	20.20%	18.18%	0.00%
  124	             99	28.28%	22.22%	27.27%	22.22%	0.00%
  125	             99	26.26%	24.24%	28.28%	21.21%	0.00%
  126	             99	25.25%	18.18%	22.22%	34.34%	0.00%
  127	             99	35.35%	16.16%	22.22%	26.26%	0.00%
  128	             99	26.26%	21.21%	27.27%	25.25%	0.00%
  129	             99	24.24%	28.28%	24.24%	23.23%	0.00%
  130	             99	26.26%	27.27%	17.17%	29.29%	0.00%
  131	             99	31.31%	22.22%	19.19%	27.27%	0.00%
  132	             99	23.23%	16.16%	27.27%	33.33%	0.00%
  133	             99	35.35%	20.20%	26.26%	18.18%	0.00%
  134	             99	26.26%	21.21%	20.20%	32.32%	0.00%
  135	             99	29.29%	19.19%	21.21%	30.30%	0.00%
  136	             99	24.24%	20.20%	30.30%	25.25%	0.00%
  137	             99	26.26%	20.20%	25.25%	28.28%	0.00%
  138	             99	30.30%	20.20%	26.26%	23.23%	0.00%
  139	             99	29.29%	18.18%	28.28%	24.24%	0.00%
  140	             99	32.32%	29.29%	19.19%	19.19%	0.00%
  141	             99	42.42%	17.17%	19.19%	21.21%	0.00%
  142	             99	29.29%	21.21%	24.24%	25.25%	0.00%
  143	             99	29.29%	26.26%	22.22%	22.22%	0.00%
  144	             99	32.32%	17.17%	23.23%	27.27%	0.00%
  145	             99	24.24%	22.22%	28.28%	25.25%	0.00%
  146	             99	23.23%	26.26%	23.23%	27.27%	0.00%
  147	             99	22.22%	34.34%	21.21%	22.22%	0.00%
  148	             99	32.32%	22.22%	17.17%	28.28%	0.00%
  149	             99	30.30%	16.16%	20.20%	33.33%	0.00%
  150	             99	41.41%	19.19%	13.13%	26.26%	0.00%
  151	             99	30.30%	19.19%	23.23%	27.27%	0.00%

Pos_B	Number_of_bases	P_Q<10	Q1020	Q2030	P_Q>30
    1	             99	0.00%	0.00%	3.03%	96.97%
    2	             99	0.00%	4.04%	1.01%	94.95%
    3	             99	0.00%	30.30%	17.17%	52.53%
    4	             99	0.00%	3.03%	0.00%	96.97%
    5	             99	0.00%	2.02%	3.03%	94.95%
    6	             99	0.00%	4.04%	3.03%	92.93%
    7	             99	0.00%	30.30%	23.23%	46.46%
    8	             99	0.00%	15.15%	31.31%	53.54%
    9	             99	0.00%	47.47%	29.29%	23.23%
   10	             99	0.00%	31.31%	41.41%	27.27%
   11	             99	0.00%	1.01%	38.38%	60.61%
   12	             99	0.00%	1.01%	7.07%	91.92%
   13	             99	0.00%	26.26%	25.25%	48.48%
   14	             99	0.00%	29.29%	36.36%	34.34%
   15	             99	0.00%	28.28%	20.20%	51.52%
   16	             99	0.00%	18.18%	22.22%	59.60%
   17	             99	0.00%	58.59%	33.33%	8.08%
   18	             99	0.00%	11.11%	52.53%	36.36%
   19	             99	0.00%	28.28%	23.23%	48.48%
   20	             99	0.00%	30.30%	31.31%	38.38%
   21	             99	0.00%	14.14%	29.29%	56.57%
   22	             99	0.00%	30.30%	21.21%	48.48%
   23	             99	0.00%	26.26%	29.29%	44.44%
   24	             99	0.00%	16.16%	31.31%	52.53%
   25	             99	0.00%	14.14%	18.18%	67.68%
   26	             99	0.00%	12.12%	18.18%	69.70%
   27	             99	0.00%	11.11%	19.19%	69.70%
   28	             99	0.00%	9.09%	9.09%	81.82%
   29	             99	0.00%	13.13%	13.13%	73.74%
   30	             99	0.00%	59.60%	29.29%	11.11%
   31	             99	0.00%	21.21%	36.36%	42.42%
   32	             99	0.00%	32.32%	25.25%	42.42%
   33	             99	0.00%	17.17%	22.22%	60.61%
   34	             99	0.00%	17.17%	17.17%	65.66%
   35	             99	0.00%	6.06%	17.17%	76.77%
   36	             99	0.00%	55.56%	27.27%	17.17%
   37	             99	0.00%	25.25%	32.32%	42.42%
   38	             99	0.00%	45.45%	34.34%	20.20%
   39	             99	0.00%	27.27%	29.29%	43.43%
   40	             99	0.00%	34.34%	25.25%	40.40%
   41	             99	0.00%	12.12%	24.24%	63.64%
   42	             99	0.00%	31.31%	17.17%	51.52%
   43	             99	0.00%	30.30%	27.27%	42.42%
   44	             99	0.00%	28.28%	28.28%	43.43%
   45	             99	0.00%	11.11%	21.21%	67.68%
   46	             99	0.00%	10.10%	14.14%	75.76%
   47	             99	0.00%	21.21%	11.11%	67.68%
   48	             99	0.00%	25.25%	14.14%	60.61%
   49	             99	0.00%	30.30%	25.25%	44.44%
   50	             99	0.00%	6.06%	28.28%	65.66%
   51	             99	0.00%	27.27%	23.23%	49.49%
   52	             99	0.00%	56.57%	24.24%	19.19%
   53	             99	0.00%	35.35%	35.35%	29.29%
   54	             99	0.00%	17.17%	37.37%	45.45%
   55	             99	0.00%	15.15%	16.16%	68.69%
   56	             99	0.00%	35.35%	20.20%	44.44%
   57	             99	0.00%	30.30%	29.29%	40.40%
   58	             99	0.00%	60.61%	25.25%	14.14%
   59	             99	0.00%	7.07%	53.54%	39.39%
   60	             99	0.00%	35.35%	36.36%	28.28%
   61	             99	0.00%	13.13%	30.30%	56.57%
   62	             99	0.00%	29.29%	38.38%	32.32%
   63	             99	0.00%	56.57%	33.33%	10.10%
   64	             99	0.00%	66.67%	30.30%	3.03%
   65	             99	0.00%	38.38%	48.48%	13.13%
   66	             99	0.00%	46.46%	32.32%	21.21%
   67	             99	0.00%	18.18%	45.45%	36.36%
   68	             99	0.00%	57.58%	29.29%	13.13%
   69	             99	0.00%	25.25%	38.38%	36.36%
   70	             99	0.00%	19.19%	21.21%	59.60%
   71	             99	0.00%	22.22%	23.23%	54.55%
   72	             99	0.00%	38.38%	25.25%	36.36%
   73	             99	0.00%	37.37%	26.26%	36.36%
   74	             99	0.00%	34.34%	23.23%	42.42%
   75	             99	0.00%	57.58%	27.27%	15.15%
   76	             99	0.00%	17.17%	44.44%	38.38%
   77	             99	0.00%	26.26%	26.26%	47.47%
   78	             99	0.00%	12.12%	33.33%	54.55%
   79	             99	0.00%	20.20%	22.22%	57.58%
   80	             99	0.00%	29.29%	22.22%	48.48%
   81	             99	0.00%	45.45%	27.27%	27.27%
   82	             99	0.00%	10.10%	36.36%	53.54%
   83	             99	0.00%	6.06%	14.14%	79.80%
   84	             99	0.00%	11.11%	12.12%	76.77%
   85	             99	0.00%	19.19%	21.21%	59.60%
   86	             99	0.00%	25.25%	18.18%	56.57%
   87	             99	0.00%	20.20%	21.21%	58.59%
   88	             99	0.00%	32.32%	27.27%	40.40%
   89	             99	0.00%	28.28%	16.16%	55.56%
   90	             99	0.00%	13.13%	27.27%	59.60%
   91	             99	0.00%	42.42%	30.30%	27.27%
   92	             99	0.00%	17.17%	32.32%	50.51%
   93	             99	0.00%	47.47%	34.34%	18.18%
   94	             99	0.00%	27.27%	37.37%	35.35%
   95	             99	0.00%	22.22%	22.22%	55.56%
   96	             99	0.00%	35.35%	31.31%	33.33%
   97	             99	0.00%	47.47%	25.25%	27.27%
   98	             99	0.00%	24.24%	29.29%	46.46%
   99	             99	0.00%	13.13%	29.29%	57.58%
  100	             99	0.00%	7.07%	19.19%	73.74%
  101	             99	0.00%	27.27%	27.27%	45.45%
  102	             99	0.00%	12.12%	21.21%	66.67%
  103	             99	0.00%	37.37%	22.22%	40.40%
  104	             99	0.00%	13.13%	32.32%	54.55%
  105	             99	0.00%	57.58%	32.32%	10.10%
  106	             99	0.00%	21.21%	37.37%	41.41%
  107	             99	0.00%	26.26%	26.26%	47.47%
  108	             99	0.00%	29.29%	21.21%	49.49%
  109	             99	0.00%	18.18%	34.34%	47.47%
  110	             99	0.00%	25.25%	30.30%	44.44%
  111	             99	0.00%	29.29%	19.19%	51.52%
  112	             99	0.00%	7.07%	28.28%	64.65%
  113	             99	0.00%	30.30%	18.18%	51.52%
  114	             99	0.00%	25.25%	20.20%	54.55%
  115	             99	0.00%	17.17%	26.26%	56.57%
  116	             99	0.00%	21.21%	21.21%	57.58%
  117	             99	0.00%	26.26%	21.21%	52.53%
  118	             99	0.00%	25.25%	31.31%	43.43%
  119	             99	6.06%	26.26%	22.22%	45.45%
  120	             99	0.00%	64.65%	27.27%	8.08%
  121	             99	0.00%	36.36%	38.38%	25.25%
  122	             99	0.00%	15.15%	28.28%	56.57%
  123	             99	0.00%	12.12%	14.14%	73.74%
  124	             99	0.00%	15.15%	22.22%	62.63%
  125	             99	0.00%	40.40%	25.25%	34.34%
  126	             99	9.09%	27.27%	23.23%	40.40%
  127	             99	0.00%	57.58%	26.26%	16.16%
  128	             99	8.08%	25.25%	40.40%	26.26%
  129	             99	0.00%	67.68%	25.25%	7.07%
  130	             99	11.11%	35.35%	43.43%	10.10%
  131	             99	11.11%	25.25%	30.30%	33.33%
  132	             99	17.17%	49.49%	20.20%	13.13%
  133	             99	16.16%	51.52%	19.19%	13.13%
  134	             99	0.00%	70.71%	21.21%	8.08%
  135	             99	17.17%	55.56%	18.18%	9.09%
  136	             99	16.16%	28.28%	38.38%	17.17%
  137	             99	4.04%	32.32%	38.38%	25.25%
  138	             99	12.12%	23.23%	36.36%	28.28%
  139	             99	23.23%	32.32%	17.17%	27.27%
  140	             99	6.06%	17.17%	47.47%	29.29%
  141	             99	11.11%	34.34%	25.25%	29.29%
  142	             99	12.12%	43.43%	26.26%	18.18%
  143	             99	16.16%	45.45%	25.25%	13.13%
  144	             99	20.20%	47.47%	23.23%	9.09%
  145	             99	11.11%	32.32%	31.31%	25.25%
  146	             99	2.02%	27.27%	40.40%	30.30%
  147	             99	6.06%	13.13%	26.26%	54.55%
  148	             99	10.10%	21.21%	20.20%	48.48%
  149	             99	6.06%	24.24%	24.24%	45.45%
  150	             99	7.07%	28.28%	20.20%	44.44%
  151	             99	13.13%	40.40%	26.26%	20.20%
